5.468848297213622800e+01
6.853310615912349135e+01
1.132476151089054639e+02
2.389631082815733976e+02
1.322150814702540060e+02
6.106901924451836550e+01
1.217916427432215443e+02
1.008586090225563936e+02
1.641155367511518079e+02
8.327028223810613383e+01
1.165560346276549524e+02
1.165560346276549524e+02
1.165560346276549524e+02
1.165560346276549524e+02
1.165560346276549524e+02
1.165560346276549524e+02
1.165560346276549524e+02
1.165560346276549524e+02
1.165560346276549524e+02
1.165560346276549524e+02
9.691914889032541680e+01
1.912004830917873903e+02
2.551624075757575838e+02
1.016772398784123084e+02
1.113680124223602661e+02
1.126077846790890788e+02
8.198421052631576345e+01
9.397649763353618368e+01
1.030045938375350971e+02
1.453374185463660524e+02
8.046968758795387089e+01
1.315659420289855461e+02
2.382747145754853477e+02
2.250152380952379190e+02
1.214339250000000732e+02
1.141387991718426349e+02
1.165560346276549524e+02
1.165560346276549524e+02
1.165560346276549524e+02
1.165560346276549524e+02
1.165560346276549524e+02
1.165560346276549524e+02
1.165560346276549524e+02
1.165560346276549524e+02
1.165560346276549524e+02
1.165560346276549524e+02
1.165560346276549524e+02
1.165560346276549524e+02
1.165560346276549524e+02
1.165560346276549524e+02
1.165560346276549524e+02
1.165560346276549524e+02
1.281239287028762135e+02
1.374782608695650481e+02
1.128605920395394406e+02
1.377652643393394953e+02
5.250752747252742836e+01
7.668251761999079008e+01
1.015792538411246113e+02
7.332213032581465484e+01
5.246376811594200973e+01
6.947924722222221305e+01
9.135487719298244258e+01
1.165560346276549524e+02
1.165560346276549524e+02
1.165560346276549524e+02
1.165560346276549524e+02
1.165560346276549524e+02
1.165560346276549524e+02
1.165560346276549524e+02
1.165560346276549524e+02
1.165560346276549524e+02
1.165560346276549524e+02
1.165560346276549524e+02
1.037757575757576660e+02
2.742776441102756735e+02
8.664691785381448597e+01
2.472266089466087351e+02
2.366426656384549005e+02
1.130207283774502827e+02
1.924103987240829099e+02
1.112537027777779031e+02
5.822439431913111463e+01
9.545264285714277719e+01
1.052395900432900646e+02
2.265310074374578164e+02
1.335944465786857904e+02
1.085762483130904030e+02
1.697100000000000080e+02
1.063780952380952698e+02
2.434000000000000057e+02
3.134240000000001487e+02
1.826857142857142833e+02
2.954171428571428351e+02
1.763714285714286234e+02
1.165560346276549524e+02
1.165560346276549524e+02
1.165560346276549524e+02
1.165560346276549524e+02
1.165560346276549524e+02
1.165560346276549524e+02
1.165560346276549524e+02
1.165560346276549524e+02
1.165560346276549524e+02
1.165560346276549524e+02
1.165560346276549524e+02
1.165560346276549524e+02
1.165560346276549524e+02
1.165560346276549524e+02
1.165560346276549524e+02
1.165560346276549524e+02
1.165560346276549524e+02
1.165560346276549524e+02
1.165560346276549524e+02
1.165560346276549524e+02
1.165560346276549524e+02
8.661129966696023530e+01
7.173047619047619605e+01
2.179571428571426850e+02
5.485950687529631864e+01
1.955031546256946910e+02
1.515775235109720427e+02
1.635567945567947277e+02
1.345215686274510745e+02
9.103141150458849040e+01
2.339533834586463570e+02
1.685050891935722461e+02
1.972496594427243792e+02
1.049160731756805518e+02
8.940235495697540102e+01
1.377914285714285825e+02
2.607971428571424894e+02
1.217045454545454533e+02
9.079956709956715599e+01
2.422918681318678864e+02
1.944555417956655958e+02
9.710015493278648080e+01
1.165560346276549524e+02
1.165560346276549524e+02
1.165560346276549524e+02
1.165560346276549524e+02
1.165560346276549524e+02
1.165560346276549524e+02
1.165560346276549524e+02
1.165560346276549524e+02
1.165560346276549524e+02
1.165560346276549524e+02
1.165560346276549524e+02
1.165560346276549524e+02
1.165560346276549524e+02
1.165560346276549524e+02
1.165560346276549524e+02
1.165560346276549524e+02
1.165560346276549524e+02
1.165560346276549524e+02
1.165560346276549524e+02
1.165560346276549524e+02
1.165560346276549524e+02
5.659675324675325214e+01
2.176726510989011842e+02
6.881806444762972319e+01
9.683099567099567651e+01
7.458545454545455300e+01
9.933109243697488466e+01
7.635311355311370107e+01
1.650177750000000003e+02
8.048103174603174637e+01
7.260897108007088718e+01
1.335076944271910975e+02
5.522063390573622144e+01
5.583769230769225089e+01
4.524079365079361281e+01
7.211456215459737962e+01
8.966606772028754335e+01
5.038461538461538680e+01
5.466641192141189265e+01
1.297690476190475124e+02
1.165560346276549524e+02
1.165560346276549524e+02
1.165560346276549524e+02
1.165560346276549524e+02
1.165560346276549524e+02
1.165560346276549524e+02
1.165560346276549524e+02
1.165560346276549524e+02
1.165560346276549524e+02
1.165560346276549524e+02
1.165560346276549524e+02
1.165560346276549524e+02
1.165560346276549524e+02
1.165560346276549524e+02
1.165560346276549524e+02
1.165560346276549524e+02
1.165560346276549524e+02
1.165560346276549524e+02
1.165560346276549524e+02
1.031333435192256758e+02
6.461002707437484105e+01
7.933407758526750797e+01
8.460999999999999943e+01
7.148698895307587975e+01
9.669636363636367093e+01
2.668119315864581722e+02
1.007660200668896664e+02
8.511222573744298359e+01
1.262720879120878408e+02
1.029032967032967889e+02
5.323449883449879394e+01
6.708675070028010623e+01
1.082006537571551235e+02
8.597571428571428953e+01
1.333187403993854900e+02
1.444751966873705840e+02
2.162180509548930729e+02
7.418089026915124862e+01
7.122875667429445912e+01
5.482659365805825757e+01
5.787190476190477284e+01
5.296571132478627675e+01
1.100137756155093598e+02
1.548224103381999726e+02
1.034448412698413620e+02
7.990681204278811833e+01
1.442441407650084386e+02
1.292857894736843889e+02
8.216338281601434801e+01
1.156371848739496642e+02
5.463571428571432875e+01
1.335398601398600249e+02
1.478489605875796542e+02
9.212671195259436274e+01
8.702097608274078766e+01
1.244621929824560311e+02
1.270761588506369861e+02
6.011230769230762405e+01
1.109406861111110629e+02
8.048984126984126419e+01
6.311681318681315389e+01
1.290953076155772976e+02
1.165560346276549524e+02
1.165560346276549524e+02
1.165560346276549524e+02
1.165560346276549524e+02
1.165560346276549524e+02
1.165560346276549524e+02
1.165560346276549524e+02
1.165560346276549524e+02
1.165560346276549524e+02
1.165560346276549524e+02
1.165560346276549524e+02
1.165560346276549524e+02
1.165560346276549524e+02
1.165560346276549524e+02
1.165560346276549524e+02
1.165560346276549524e+02
1.165560346276549524e+02
1.165560346276549524e+02
1.165560346276549524e+02
1.165560346276549524e+02
1.165560346276549524e+02
1.165560346276549524e+02
1.165560346276549524e+02
1.165560346276549524e+02
1.165560346276549524e+02
1.165560346276549524e+02
1.165560346276549524e+02
1.165560346276549524e+02
1.165560346276549524e+02
1.165560346276549524e+02
1.165560346276549524e+02
1.165560346276549524e+02
1.165560346276549524e+02
1.165560346276549524e+02
1.165560346276549524e+02
1.165560346276549524e+02
1.165560346276549524e+02
1.165560346276549524e+02
1.165560346276549524e+02
1.165560346276549524e+02
1.165560346276549524e+02
1.165560346276549524e+02
1.165560346276549524e+02
1.165560346276549524e+02
1.165560346276549524e+02
1.165560346276549524e+02
1.165560346276549524e+02
1.165560346276549524e+02
1.165560346276549524e+02
1.165560346276549524e+02
1.165560346276549524e+02
1.165560346276549524e+02
1.165560346276549524e+02
1.165560346276549524e+02
1.165560346276549524e+02
1.165560346276549524e+02
1.165560346276549524e+02
1.165560346276549524e+02
1.165560346276549524e+02
1.165560346276549524e+02
1.165560346276549524e+02
1.165560346276549524e+02
1.165560346276549524e+02
1.165560346276549524e+02
1.165560346276549524e+02
1.165560346276549524e+02
1.165560346276549524e+02
1.165560346276549524e+02
1.165560346276549524e+02
1.165560346276549524e+02
1.165560346276549524e+02
1.165560346276549524e+02
1.165560346276549524e+02
1.165560346276549524e+02
1.165560346276549524e+02
1.165560346276549524e+02
1.165560346276549524e+02
1.165560346276549524e+02
1.165560346276549524e+02
1.165560346276549524e+02
1.165560346276549524e+02
1.165560346276549524e+02
1.165560346276549524e+02
1.165560346276549524e+02
1.165560346276549524e+02
1.165560346276549524e+02
1.656568253968252975e+02
1.699331393162396466e+02
1.327421261487050970e+02
1.392945029239766654e+02
1.222727002923976727e+02
7.692358118487149454e+01
1.165560346276549524e+02
1.165560346276549524e+02
1.165560346276549524e+02
1.165560346276549524e+02
1.165560346276549524e+02
1.165560346276549524e+02
7.986928104575157761e+01
6.875957311939264116e+01
9.868804511278190716e+01
7.411428571428560019e+01
2.638566666666669676e+02
6.965333333333326493e+01
1.207555343207517637e+02
5.466641192141189265e+01
1.115890209790209582e+02
2.666666666666670267e+02
3.002171428571427327e+02
2.651733333333336304e+02
1.115890209790209582e+02
4.029769469660769943e+01
6.277467032967033589e+01
2.638566666666669676e+02
3.002171428571427327e+02
2.638566666666669676e+02
6.402111111111108244e+01
1.081955738095237365e+02
1.080121739130434975e+02
4.553373467112594142e+01
6.826666666666653782e+01
1.107422222222222672e+02
7.122875667429445912e+01
1.399836363636362080e+02
1.413481168831170010e+02
6.194200956937797997e+01
5.942972946859903516e+01
1.890300000000000011e+02
1.179263909774436030e+02
1.078649661236424748e+02
7.128750363266486545e+01
9.060312268142483560e+01
3.862148055555555715e+01
7.568621739766081191e+01
1.352502074668082912e+02
9.124242424242429195e+01
1.152039560439561541e+02
1.462287170180091778e+02
1.165560346276549524e+02
1.165560346276549524e+02
1.165560346276549524e+02
1.165560346276549524e+02
1.165560346276549524e+02
1.165560346276549524e+02
1.165560346276549524e+02
1.165560346276549524e+02
1.165560346276549524e+02
1.165560346276549524e+02
1.165560346276549524e+02
1.165560346276549524e+02
1.165560346276549524e+02
1.165560346276549524e+02
1.165560346276549524e+02
1.165560346276549524e+02
1.165560346276549524e+02
1.165560346276549524e+02
1.165560346276549524e+02
1.165560346276549524e+02
1.165560346276549524e+02
1.165560346276549524e+02
1.165560346276549524e+02
1.165560346276549524e+02
1.165560346276549524e+02
1.165560346276549524e+02
1.165560346276549524e+02
1.165560346276549524e+02
1.165560346276549524e+02
1.165560346276549524e+02
1.165560346276549524e+02
1.165560346276549524e+02
1.165560346276549524e+02
1.165560346276549524e+02
1.165560346276549524e+02
1.165560346276549524e+02
1.165560346276549524e+02
1.165560346276549524e+02
1.165560346276549524e+02
1.165560346276549524e+02
9.351998047857985341e+01
1.031209523809524740e+02
1.397491134057968907e+02
5.559565789473683850e+01
8.387669172932335471e+01
1.377652643393394953e+02
9.457949579831932851e+01
4.378194444444443434e+01
6.932698191385016173e+01
8.292413245341612082e+01
6.695869841269838219e+01
7.280749084249092107e+01
6.117590224495590689e+01
8.401745341614910956e+01
1.090062179487179890e+02
1.215268791062801341e+02
7.038228070175445339e+01
6.268709030100336577e+01
1.138066328923912778e+02
1.286809523809523910e+02
9.261833333333338203e+01
1.241573636363635558e+02
8.506578776438122702e+01
1.165560346276549524e+02
1.165560346276549524e+02
1.165560346276549524e+02
1.165560346276549524e+02
1.165560346276549524e+02
1.165560346276549524e+02
1.165560346276549524e+02
1.165560346276549524e+02
1.165560346276549524e+02
1.165560346276549524e+02
1.165560346276549524e+02
1.165560346276549524e+02
1.165560346276549524e+02
1.165560346276549524e+02
1.165560346276549524e+02
1.165560346276549524e+02
1.165560346276549524e+02
1.165560346276549524e+02
1.165560346276549524e+02
1.165560346276549524e+02
1.165560346276549524e+02
1.165560346276549524e+02
1.165560346276549524e+02
1.165560346276549524e+02
1.165560346276549524e+02
1.165560346276549524e+02
1.165560346276549524e+02
1.165560346276549524e+02
1.165560346276549524e+02
1.165560346276549524e+02
1.165560346276549524e+02
1.165560346276549524e+02
1.165560346276549524e+02
1.165560346276549524e+02
1.165560346276549524e+02
1.165560346276549524e+02
1.165560346276549524e+02
1.165560346276549524e+02
1.165560346276549524e+02
1.165560346276549524e+02
1.165560346276549524e+02
1.165560346276549524e+02
1.165560346276549524e+02
1.165560346276549524e+02
1.165560346276549524e+02
1.165560346276549524e+02
1.165560346276549524e+02
1.165560346276549524e+02
1.165560346276549524e+02
1.165560346276549524e+02
1.165560346276549524e+02
1.165560346276549524e+02
1.165560346276549524e+02
1.165560346276549524e+02
1.165560346276549524e+02
1.165560346276549524e+02
1.165560346276549524e+02
1.165560346276549524e+02
1.165560346276549524e+02
1.165560346276549524e+02
1.165560346276549524e+02
1.165560346276549524e+02
1.165560346276549524e+02
1.165560346276549524e+02
1.165560346276549524e+02
1.165560346276549524e+02
1.165560346276549524e+02
1.165560346276549524e+02
1.165560346276549524e+02
7.264332222222229518e+01
2.216725274725276051e+02
1.507903463203462877e+02
6.680444444444445651e+01
5.468848297213622800e+01
7.397463223275578059e+01
7.155027463768122686e+01
2.034597360703812114e+02
1.250680587264043453e+02
2.345347826086956786e+02
3.137246783625733428e+02
1.020525210084034171e+02
9.351025210084034711e+01
1.708342857142857270e+02
8.610096735050299799e+01
2.025396054073801508e+02
6.417120210084033261e+01
1.165560346276549524e+02
1.165560346276549524e+02
1.165560346276549524e+02
1.165560346276549524e+02
1.165560346276549524e+02
1.165560346276549524e+02
1.165560346276549524e+02
1.165560346276549524e+02
1.165560346276549524e+02
1.165560346276549524e+02
1.165560346276549524e+02
1.165560346276549524e+02
1.165560346276549524e+02
1.165560346276549524e+02
1.165560346276549524e+02
1.165560346276549524e+02
1.165560346276549524e+02
1.165560346276549524e+02
1.165560346276549524e+02
1.165560346276549524e+02
1.165560346276549524e+02
1.165560346276549524e+02
1.165560346276549524e+02
1.165560346276549524e+02
1.165560346276549524e+02
1.165560346276549524e+02
1.165560346276549524e+02
1.165560346276549524e+02
1.165560346276549524e+02
1.165560346276549524e+02
1.165560346276549524e+02
1.165560346276549524e+02
1.165560346276549524e+02
1.165560346276549524e+02
1.165560346276549524e+02
1.165560346276549524e+02
1.165560346276549524e+02
1.165560346276549524e+02
1.165560346276549524e+02
1.165560346276549524e+02
1.165560346276549524e+02
1.165560346276549524e+02
1.165560346276549524e+02
1.165560346276549524e+02
1.165560346276549524e+02
1.165560346276549524e+02
1.165560346276549524e+02
1.165560346276549524e+02
1.165560346276549524e+02
1.165560346276549524e+02
1.165560346276549524e+02
7.929832175704403596e+01
1.708342857142857270e+02
1.203312969089389810e+02
2.468285714285710526e+02
1.498076923076923208e+02
9.964683061184338442e+01
1.583934993506493925e+02
2.522599999999995930e+02
2.520685714285710048e+02
1.052407567972962283e+02
1.019362560813799234e+02
1.678581818181819756e+02
1.496536842105261940e+02
1.203312969089389810e+02
2.655064661654133715e+02
1.693314285714286314e+02
1.276825313283209340e+02
1.290732064238151509e+02
2.224873941320998654e+02
3.237314285714284665e+02
8.481871921182275287e+01
2.341833834586463468e+02
3.149444120720389151e+02
8.260367218987916260e+01
1.020685881578946521e+02
1.632318414072315420e+02
1.165560346276549524e+02
1.165560346276549524e+02
1.165560346276549524e+02
1.165560346276549524e+02
1.165560346276549524e+02
1.165560346276549524e+02
1.165560346276549524e+02
1.165560346276549524e+02
1.165560346276549524e+02
1.165560346276549524e+02
1.165560346276549524e+02
1.165560346276549524e+02
1.165560346276549524e+02
1.165560346276549524e+02
1.165560346276549524e+02
1.165560346276549524e+02
1.165560346276549524e+02
1.165560346276549524e+02
1.165560346276549524e+02
1.165560346276549524e+02
1.165560346276549524e+02
1.165560346276549524e+02
1.165560346276549524e+02
1.165560346276549524e+02
1.165560346276549524e+02
1.165560346276549524e+02
1.165560346276549524e+02
1.165560346276549524e+02
1.165560346276549524e+02
1.165560346276549524e+02
1.165560346276549524e+02
1.165560346276549524e+02
1.165560346276549524e+02
1.165560346276549524e+02
1.165560346276549524e+02
1.165560346276549524e+02
1.165560346276549524e+02
1.165560346276549524e+02
1.165560346276549524e+02
1.165560346276549524e+02
1.165560346276549524e+02
1.165560346276549524e+02
1.165560346276549524e+02
1.165560346276549524e+02
1.165560346276549524e+02
1.165560346276549524e+02
1.165560346276549524e+02
1.165560346276549524e+02
1.165560346276549524e+02
1.165560346276549524e+02
1.165560346276549524e+02
1.165560346276549524e+02
1.165560346276549524e+02
1.165560346276549524e+02
1.165560346276549524e+02
1.165560346276549524e+02
1.165560346276549524e+02
1.165560346276549524e+02
1.165560346276549524e+02
1.165560346276549524e+02
1.165560346276549524e+02
1.165560346276549524e+02
1.165560346276549524e+02
1.165560346276549524e+02
1.165560346276549524e+02
1.165560346276549524e+02
1.165560346276549524e+02
1.165560346276549524e+02
1.165560346276549524e+02
1.165560346276549524e+02
1.165560346276549524e+02
1.165560346276549524e+02
1.165560346276549524e+02
1.165560346276549524e+02
1.165560346276549524e+02
1.165560346276549524e+02
1.165560346276549524e+02
1.165560346276549524e+02
9.766832632071060516e+01
1.335928571428572695e+02
8.364000000000000057e+01
2.310523809523810712e+02
7.758134423740514762e+01
1.979917460317460041e+02
8.784315421303659832e+01
5.663324647091258868e+01
6.049671826625386473e+01
1.389237154150196432e+02
5.441604347826086041e+01
3.554184415584416001e+02
1.165560346276549524e+02
1.165560346276549524e+02
1.165560346276549524e+02
1.165560346276549524e+02
1.165560346276549524e+02
1.165560346276549524e+02
1.165560346276549524e+02
1.165560346276549524e+02
1.165560346276549524e+02
1.165560346276549524e+02
1.165560346276549524e+02
1.165560346276549524e+02
1.165560346276549524e+02
1.165560346276549524e+02
1.165560346276549524e+02
1.165560346276549524e+02
1.165560346276549524e+02
1.165560346276549524e+02
1.165560346276549524e+02
1.165560346276549524e+02
1.165560346276549524e+02
1.165560346276549524e+02
1.165560346276549524e+02
1.165560346276549524e+02
1.165560346276549524e+02
1.165560346276549524e+02
1.165560346276549524e+02
1.165560346276549524e+02
1.165560346276549524e+02
1.165560346276549524e+02
1.165560346276549524e+02
1.165560346276549524e+02
1.165560346276549524e+02
1.165560346276549524e+02
1.165560346276549524e+02
1.165560346276549524e+02
7.077414649122802359e+01
1.963675091575091187e+02
9.451315918803413751e+01
1.127100952380952776e+02
7.067026990553291910e+01
4.998445054945055688e+01
9.337308800029886413e+01
5.684343891402711080e+01
6.695869841269838219e+01
6.740283121597103388e+01
1.131091397849462368e+02
8.328916312520426857e+01
8.278627002288313008e+01
7.679556101792947231e+01
6.711463445011824547e+01
9.751859924320609707e+01
1.046596508309552149e+02
9.870983571428570258e+01
6.638966974682189459e+01
4.864580409911553716e+01
9.821403040415276564e+01
8.975072463768115938e+01
1.165560346276549524e+02
1.165560346276549524e+02
1.165560346276549524e+02
1.165560346276549524e+02
1.165560346276549524e+02
1.165560346276549524e+02
1.165560346276549524e+02
1.165560346276549524e+02
1.165560346276549524e+02
1.165560346276549524e+02
1.165560346276549524e+02
1.165560346276549524e+02
1.165560346276549524e+02
1.165560346276549524e+02
1.165560346276549524e+02
1.165560346276549524e+02
1.165560346276549524e+02
1.165560346276549524e+02
1.165560346276549524e+02
1.165560346276549524e+02
1.165560346276549524e+02
1.165560346276549524e+02
